40
0
40
80
40
0
40
40
0
40
80
120
80
40
0
40
0
40
40
0
40
40
0
0
40
80
40
0
40
80
120
80
40
0
40
80
40
0
40
80
40
0
0
0
0
0
0
40
0
0
40
80
40
0
0
0
40
80
80
40
0
0
0
0
0
40
40
0
40
40
0
40
80
40
0
40
80
120
160
120
80
40
0
40
80
120
120
80
40
0
40
80
40
0
40
80
40
0
0
40
80
120
80
40
0
0
0
0
40
80
80
40
0
0
40
80
80
40
0
40
80
120
160
200
160
120
80
40
0
40
80
120
120
80
40
0
0
40
80
40
0
40
80
80
40
0
40
80
80
40
0
40
80
120
80
