-64.7214
40
-24.7214
-120
-64.7214
0
-64.7214
-40
0
-96.5685
-169.443
-273.137
-160
-40
0
-80
15.2786
-104.721
-102.462
80
-49.4427
-40
0
0
-40
-120
-64.7214
0
0
0
-80
0
0
0
0
-80
0
0
0
-80
0
0
0
0
0
0
0
-129.443
15.2786
-22.4621
-40
-144.721
-129.443
0
0
-9.44272
-102.462
-172.111
-80
-129.443
0
-12.111
-7.7033
-5.6022
40
-40
-40
46.8629
-52.111
-40
17.5379
-62.4621
-160
-80
80
-49.4427
-80
-160
-308.062
-200
-193.137
-102.462
17.5379
-80
-169.443
-247.703
-200
-80
0
-16.5685
-80
-160
0
0
-96.5685
-209.443
-40
23.4315
40
0
-12.111
-80
-96
-33.1371
32.2967
-6.49111
-6.49111
0
-80
-172.111
-169.443
0
15.2786
40
0
-52.111
-40
0
-8.399
-9.44272
0
-40
-160
-280
-301.245
-200
-169.443
-64.7214
80
0
-64.7214
-172.111
-200
-132.111
-80
40
6.86292
-24.7214
-160
-40
-22.4621
-96.5685
-160
-172.111
-64.7214
0
-80
-80
-80
-40
40
-64.7214
-129.443
-176.569
-64.7214
