-12.9968
28.2843
55.0553
-28.2843
-12.9968
0
0
-40
56.5685
-21.6478
-68.6698
-95.5582
-17.8885
56.5685
84.8528
-40
21.0292
-34.026
-31.5282
40
-18.3802
-40
28.2843
28.2843
-3.55271e-015
-28.2843
-12.9968
0
0
0
-40
0
0
0
0
-40
0
0
0
-40
0
0
0
0
0
0
0
-34.026
-42.0585
6.91173
-3.55271e-015
-47.0228
-12.9968
28.2843
0
-8.03246
24.6165
-76.5674
-40
-12.9968
28.2843
23.1827
22.6929
22.1922
40
0
-40
-39.5815
-34.7741
-40
-17.7048
31.5282
-28.2843
28.2843
80
-8.03246
28.2843
-53.6656
-137.74
-80
-58.603
24.6165
-17.7048
28.2843
-68.6698
-117.835
-53.6656
0
0
15.3073
-40
-3.55271e-015
-40
56.5685
-21.6478
-47.0228
28.2843
-15.3073
40
40
38.2837
-40
-40
-52.2625
7.5643
12.8146
-19.2219
-7.10543e-015
28.2843
-76.5674
-12.9968
40
-21.0292
40
40
0
-40
-40
56.4983
48.1201
40
-80
-53.6656
-160
-144.373
-80
-68.6698
-12.9968
0
40
21.0292
-38.2837
-80
-64.976
-3.55271e-015
0
21.6478
55.0553
-28.2843
28.2843
56.1447
-21.6478
-80
-64.976
-12.9968
0
28.2843
-80
-28.2843
-3.55271e-015
0
21.0292
-12.9968
-95.5582
-47.0228
